R: [-0.9997851472300748, 0.02027931095263507, 0.004290562366868109, 0.02021623784556604, 0.9996938491750103, -0.01426575090992302, -0.004578548406334987, -0.01417594684452512, -0.9998890335560002]
T: [2.137173101096155, -1.999113729149847, 5.106787201082111]