fx: 1720.157967860898
fy: 1730.828904779769
cx: 1042.727350175568
cy: 1035.012808420258
k1: -0.3440620883900292
k2: 0.7513170565242022
k3: -0.6941489010230763
p1: 0.01269702009098176
p2: 0.00023289424830788