R: [0.890899, -0.371901, 0.260745, -0.0503769, -0.651441, -0.757025, 0.451398, 0.661298, -0.599103]
T: [-0.539747, 0.473595, 0.898598]
