R: [-0.0377068, -0.997699, -0.0563481, -0.999236, 0.037064, 0.0124104, -0.0102934, 0.056773, -0.998334]
T: [0.713977, 1.61486, 2.81434]
