fx: 945.444618
fy: 898.791897
cx: 776.656112
cy: 533.951952
k1: -0.253795
k2: 0.041498
k3: 0.0
p1: 0.019698
p2: 0.001308