R: [-0.0280282, -0.998753, -0.0413031, -0.999498, 0.0273894, 0.015952, -0.0148008, 0.0417294, -0.999019]
T: [0.711078, 1.6157, 2.82665]
