R: [0.894432, -0.0489275, 0.44452, 0.0180595, -0.989234, -0.145221, 0.44684, 0.137918, -0.883919]
T: [-1.82302, 0.28557, 2.46299]
