fx: 1812.741722
fy: 1757.126489
cx: 1231.203327
cy: 985.466197
k1: -0.105232
k2: 0.102193
k3: 0.000000
p1: -0.001550
p2: 0.036942