R: [0.993516, 0.0201864, 0.111883, 0.0301702, -0.995639, -0.0882722, 0.109613, 0.0910754, -0.989793]
T: [-1.25346, 0.103974, 2.80041]