fx: 2399.537097672582
fy: 2403.791848554979
cx: 1017.445527058245
cy: 1056.986420613227
k1: -0.4361228966676334
k2: 0.7909515789863678
k3: -0.4431623046331448
p1: -0.002354300975147182
p2: 0.00290669009418333